metode                 mean CER
ENSEMBLE (voting)      0.244   0.00 0.73 0.00 0.07 0.00 0.73 0.00 0.00 0.67
clahe+sharpen+otsu     0.267   0.07 0.73 0.07 0.07 0.07 0.73 0.00 0.00 0.67
gamma                  0.281   0.00 0.80 0.07 0.13 0.00 0.87 0.00 0.00 0.67
otsu                   0.311   0.07 0.87 0.00 0.07 0.00 1.00 0.07 0.00 0.73
sharpen                0.319   0.00 1.00 0.07 0.13 0.00 0.80 0.00 0.07 0.80
stretch                0.319   0.27 0.80 0.13 0.07 0.00 0.87 0.00 0.00 0.73
none                   0.333   0.33 0.80 0.07 0.07 0.00 0.93 0.00 0.07 0.73
clahe                  0.333   0.13 1.00 0.00 0.07 0.07 1.00 0.00 0.00 0.73
bilateral+clahe        0.348   0.20 1.00 0.07 0.07 0.07 1.00 0.00 0.00 0.73
bgnorm                 0.422   0.33 1.00 0.13 0.13 0.20 1.00 0.00 0.07 0.93
adaptive               0.622   0.93 1.00 0.07 0.27 0.40 0.93 0.73 0.27 1.00
hist_eq                0.874   1.00 1.00 1.00 1.00 1.00 1.00 0.07 0.80 1.00

Terbaik: ENSEMBLE (voting)
